	STK17A	TP53RK	SMG1	VRK2	TTK	PLK3	VRK1	TAF1	TBP	DYRK1A	GSK3A	DAPK1	DAPK2	DAPK3	CSNK1A1	CSNK1A1L	CSNK1G3	CSNK1G2	CSNK1G1	CSNK1D	GAK	CSNK1E	CSNK2A1	CSNK2A2	CSNK2B	AURKA	AURKB	PLK1	AURKC	GSG2	TGM2	TLK1	PBK	PPM1D	TSSK1B	ZAK	AKT1	RPS6KA3	PRKACA	PRKCA	CDK1	CDK2	GSK3B	MAPK14	MAPK8	MAPK1	MAPK3	MAPK10	MAPK9	CDK5	MTOR	PRKCB	PRKCG	PRKCE	PRKCD	PRKCZ	ATM	PRKDC	ATR	CHEK2	TRRAP	CHEK1	MAPK11	MAPK13	MAPKAPK2	RPS6KA1	RPS6KA2	RPS6KB1	MAPKAPK3	RPS6KB2	TRPM7	CAMK2A	CAMK2B	CAMK2G	CAMK2D	PRKACB	ERBB3	TTN	CDK11B	CDK19	DYRK3	TSSK4	RPS6KA4	RPS6KA5	SGK1	SGK2	SGK3	PRKAR2B	PRKG1	PRKG2	CAMK1	CAMK4	CAMK1D	CAMK1G	PRKAA1	PRKAA2	ADRBK1	LRRK2	STK10	MAP3K8	PRKCQ	ROCK1	ROCK2	MST4	STK25	ARAF	CDC42BPG	TNK1	MARK1	BRAF	RAF1	PAK7	PIM3	PIM2	PIM1	PRKCI	MOS	PAK1	CDK14	CDK4	CDK6	DYRK1B	UHMK1	HIPK1	AKT2	MNAT1	CHUK	IKBKB	IKBKE	TBK1	EIF2AK1	EIF2AK4	EIF2AK2	EIF2AK3	MAP3K13	MAP3K3	MAP3K14	AAK1	PKD1	PRKD1	PRKD2	PKD2	PRKCH	PRKD3	PRKX	ABL1	ABL2	BLK	MAP4K5	CDK16	FER	FES	BTK	ITK	TEC	EGFR	FYN	LYN	LCK	SRC	IGF1R	INSR	HCK	SYK	ZAP70	KIT	YES1	CSF1R	FGR	FLT4	TRIO	PTPN11	CSK	PTPRC	PAK2	DDR2	PTPN22	MATK	PTK2B	PDGFRA	PDGFRB	TYRO3	INSRR	PTPN1	PTPRA	PTK2	FLT3	JAK3	BMX	EPHA4	SHB	FGFR1	MET	MST1R	PPP2CB	PTPRJ	FLT1	KDR	ALK	DYRK2	EPHA3	PKM	FGFR3	FGFR4	HIPK2	JAK1	JAK2	TYK2	NLK	TNIK	EPHB1	SLK	PAK4	PTK6	EPHB6	AKT3	PDK1	PDPK1	PDK2	PDK3	PDK4	CAMKK1	CAMKK2	PPP2CA	ILK	PHLPP1	TRIB3	PIKFYVE	PKN2	MERTK	TNK2	TSSK3	ERBB2	ERBB4	PKN1	PKN3	RIPK1	RIPK3	LMTK2	PHKA1	PHKG1	PHKG2	TTBK1	CCNB1	MAPK12	MAPK7	EEF2K	MAPKAPK5	MAP2K3	MAP2K6	MAP2K4	MAP2K7	MAP3K4	MAP3K5	MAP3K6	MAP4K3	MAP3K7	MAP3K1	MAP3K11	TAOK1	TAOK2	DUSP4	KSR2	HSPB8	MAP3K2	RET	MAP2K1	MAP2K2	NTRK1	NTRK3	NTRK2	MKNK1	MKNK2	MAP4K1	NME1	TXK	CDK20	ICK	PPP5C	PRPF4B	SRPK1	NEK1	NEK11	NEK2	HIPK3	BCR	PIK3CB	CDK17	CDK18	TRIM28	SIK1	SIK3	SDK1	KSR1	MARK3	MINK1	MAP2K5	MARK2	MARK4	STRADB	SIK2	BRSK1	BRSK2	NUAK1	STK11	PNCK	SNRK	TSSK6	LATS1	NUAK2	PKMYT1	WEE2	WEE1	DMPK	MAP3K10	MAP3K12	FGFR2	FRK	MAGI2	MAST3	CDK3	MAPK15	IRAK1	IRAK2	IRAK4	IRAK3	BLVRA	RIPK4	MAPK6	BMPR2	PPP1CA	BUB1	BUB1B	PAN3	CDC42BPA	CIT	MYLK	BAZ1B	MST1	STK4	PAK3	CLK1	CLK2	CLK4	LATS2	EPHB2	STK24	STK38L	STK3	STK38	ADRBK2	GRK4	GRK1	GRK5	GRK6	PLK2	PLK4	ULK1	ULK2	ACVR1	NEK8	BMPR1A	CDK8	CDK9	BRD4	CDK12	CDK11A	CDK7	ACVR1B	MELK	ACVR2A	ACVRL1	TGFBR1	AMHR2	TGFBR2	BMPR1B	CDC7	PASK	GTF2F1	OXSR1	STK39	WNK4	WNK1	BACE2	EPHA8	PIK3CG	PIK3CA	PIK3CD	NEK6	NEK7	NEK9	SRPK2	CDK10	DCLK1	LIMK1	LIMK2	TESK1	TESK2	MAPK4	AXL	TEK	TIE1	PRKAR1A	PRKAR1B	OBSCN	SCYL2	HSPA5	PDIK1L	EPHA2	COL4A3BP	PINK1	BCKDK	EPHB3	ERN1	NME2	EPHB4	CASK	ROS1	MAP4K2	MUSK	MYO3A	TAOK3	NEK3	PAK6	LTK	NEK4	PSKH1	CDKL5	TRIM33	FAM20C	TRPM6	EPHA5	GUCY2EP	EPHA1	TSSK2	DDR1	MAST2	ENPP3	MYLK2	ROR2	PRKACG	PKDCC	ACVR2B	ROR1	STRADA	STK17B	RIPK2	ULK3	EPHA6	MAP3K9	SRMS	GUCY2C	TLK2	WNK2	WNK3	STK16	RYK
STK17A	1	1	0.57735	0.447214	0.333333	0.229416	0.353553	0.5	0	0.229416	0.152499	0.288675	0	0.25	0.106	0.301511	0.316228	0.27735	0.208514	0.111803	0	0.085126	0.044412	0.063372	0.152499	0.149071	0.113228	0.109109	0	0	0	0	0.377964	0	0	0	0	0.052852	0.048737	0.046374	0.043153	0.041274	0.04103	0.046984	0.063119	0.053995	0.068519	0	0.082479	0.098533	0	0.061546	0	0	0.094072	0	0.077152	0.071067	0.132453	0.176777	0	0.084515	0	0	0.144338	0	0	0	0	0	0	0	0	0	0	0.092057	0	0	0	0	0	0	0	0	0	0	0	0	0	0	0	0	0	0	0.142857	0.19245	0	0	0	0	0	0	0	0	0	0	0	0	0	0	0	0	0	0	0	0	0	0	0	0	0	0	0	0	0	0	0	0	0	0	0	0	0.267261	0	0	0	0	0	0	0	0	0	0	0	0	0	0	0	0	0	0	0	0.2	0	0.27735	0	0	0	0	0	0	0	0	0	0	0	0	0	0	0	0	0	0	0	0	0	0	0	0	0	0	0	0	0	0	0	0	0	0	0	0	0	0	0	0	0	0	0	0	0.288675	0.57735	0	0	0	0.223607	0	0	0	0	0	0	0	0	0	0	0	0	0	0	0	0	0	0	0	0	0	0	0	0	0	0	0	0	0	0	0	0	0	0	0	0	0	0	0	0	0	0	0.288675	0	0	0	0	0	0	0	0	0	0	0	0	0	0	0	0	0	0	0	0	0	0	0	0	0	0	0	0	0	0	0	0	0	0	0	0	0	0	0	0	0	0	0	0	0	0	0	0	0	0	0	0	0	0	0	0.179605	0.208514	0	0	0	0	0	0	0	0	0	0	0	0	0	0	0	0	0	0	0	0	0	0	0	0	0	0	0	0	0	0	0	0	0	0	0	0	0	0	0	0	0	0	0	0	0	0	0	0	0.377964	0	0	0	0	0	0	0	0	0	0.267261	0	0	0	0.218218	0	0.333333	0	0	0	0	0	0	0	0	0	0	0	0	0	0	0	0	0	0	0	0	0	0	0	0	0	0	0	0	0	0	0	0	0	0	0	0	0	0	0	0	0	0	0	0	0	0	0	0	0	0	0	0	0	0	0	0	0	0	0	0	0	0	0	0	0	0	0	0	0	0	0	0	0	0	0	0	0	0	0	0	0	0	0	0	0	0	0
TP53RK	1	1	0.57735	0.447214	0.333333	0.229416	0.353553	0.5	0	0.229416	0.152499	0.288675	0	0.25	0.106	0.301511	0.316228	0.27735	0.208514	0.111803	0	0.085126	0.044412	0.063372	0.152499	0.149071	0.113228	0.109109	0	0	0	0	0.377964	0	0	0	0	0.052852	0.048737	0.046374	0.043153	0.041274	0.04103	0.046984	0.063119	0.053995	0.068519	0	0.082479	0.098533	0	0.061546	0	0	0.094072	0	0.077152	0.071067	0.132453	0.176777	0	0.084515	0	0	0.144338	0	0	0	0	0	0	0	0	0	0	0.092057	0	0	0	0	0	0	0	0	0	0	0	0	0	0	0	0	0	0	0.142857	0.19245	0	0	0	0	0	0	0	0	0	0	0	0	0	0	0	0	0	0	0	0	0	0	0	0	0	0	0	0	0	0	0	0	0	0	0	0	0.267261	0	0	0	0	0	0	0	0	0	0	0	0	0	0	0	0	0	0	0	0.2	0	0.27735	0	0	0	0	0	0	0	0	0	0	0	0	0	0	0	0	0	0	0	0	0	0	0	0	0	0	0	0	0	0	0	0	0	0	0	0	0	0	0	0	0	0	0	0	0.288675	0.57735	0	0	0	0.223607	0	0	0	0	0	0	0	0	0	0	0	0	0	0	0	0	0	0	0	0	0	0	0	0	0	0	0	0	0	0	0	0	0	0	0	0	0	0	0	0	0	0	0.288675	0	0	0	0	0	0	0	0	0	0	0	0	0	0	0	0	0	0	0	0	0	0	0	0	0	0	0	0	0	0	0	0	0	0	0	0	0	0	0	0	0	0	0	0	0	0	0	0	0	0	0	0	0	0	0	0.179605	0.208514	0	0	0	0	0	0	0	0	0	0	0	0	0	0	0	0	0	0	0	0	0	0	0	0	0	0	0	0	0	0	0	0	0	0	0	0	0	0	0	0	0	0	0	0	0	0	0	0	0.377964	0	0	0	0	0	0	0	0	0	0.267261	0	0	0	0.218218	0	0.333333	0	0	0	0	0	0	0	0	0	0	0	0	0	0	0	0	0	0	0	0	0	0	0	0	0	0	0	0	0	0	0	0	0	0	0	0	0	0	0	0	0	0	0	0	0	0	0	0	0	0	0	0	0	0	0	0	0	0	0	0	0	0	0	0	0	0	0	0	0	0	0	0	0	0	0	0	0	0	0	0	0	0	0	0	0	0	0
SMG1	0.57735	0.57735	1	0.258199	0.19245	0.132453	0.204124	0.288675	0	0.132453	0.088045	0.166667	0	0.144338	0.061199	0.174078	0.182574	0.160128	0.120386	0.06455	0	0.049147	0.025641	0.036588	0.088045	0.086066	0.065372	0.062994	0	0	0	0	0.218218	0	0	0	0	0.030514	0.028138	0.026774	0.024915	0.02383	0.023689	0.027126	0.036442	0.031174	0.039559	0	0.047619	0.056888	0	0.035533	0	0	0.054313	0	0.044544	0.04103	0.076472	0.102062	0	0.048795	0	0	0.083333	0	0	0	0	0	0	0	0	0	0	0.053149	0	0	0	0	0	0	0	0	0	0	0	0	0	0	0	0	0	0	0.082479	0.111111	0	0	0	0	0	0	0	0	0	0	0	0	0	0	0	0	0	0	0	0	0	0	0	0	0	0	0	0	0	0	0	0	0	0	0	0	0.154303	0	0	0	0	0	0	0	0	0	0	0	0	0	0	0	0	0	0	0	0.11547	0	0.160128	0	0	0	0	0.034381	0	0.052486	0	0	0	0	0	0	0	0	0	0	0	0	0	0	0	0	0	0	0	0	0	0	0	0	0	0	0	0	0	0	0	0	0	0	0	0	0	0.166667	0.333333	0	0	0	0.129099	0	0	0	0	0	0	0	0	0	0	0	0	0	0	0	0	0	0	0	0	0	0	0	0	0	0	0	0	0	0	0	0	0	0	0	0	0	0	0	0	0	0	0.166667	0	0	0	0	0	0	0	0	0	0	0	0	0	0	0	0	0	0	0.113228	0	0	0	0	0	0	0	0	0	0	0	0	0	0	0	0	0	0	0	0	0	0	0	0	0	0	0	0	0	0.288675	0	0.258199	0	0	0	0	0.103695	0.120386	0	0	0	0	0	0	0	0	0	0	0	0	0	0	0	0	0	0	0	0	0	0	0	0	0	0	0	0	0	0	0	0	0	0	0	0	0	0	0	0	0	0	0	0	0	0	0	0	0.218218	0	0	0	0	0	0	0	0	0	0.154303	0	0	0	0.125988	0	0.19245	0	0	0	0	0	0	0	0	0	0	0	0	0	0	0	0	0	0	0	0	0	0	0	0	0	0	0	0	0	0	0	0	0	0	0	0	0	0	0	0	0	0	0	0	0	0	0	0	0	0	0	0	0	0	0	0	0	0	0	0	0	0	0	0	0	0	0	0	0	0	0	0	0	0	0	0	0	0	0	0	0	0	0	0	0	0	0
VRK2	0.447214	0.447214	0.258199	1	0.149071	0.102598	0.316228	0.223607	0	0.102598	0.068199	0.129099	0	0.111803	0.047405	0.13484	0.141421	0.124035	0.09325	0.05	0	0.038069	0.019861	0.028341	0.068199	0.066667	0.050637	0.048795	0	0	0	0	0.169031	0	0	0.2	0	0.023636	0.021796	0.020739	0.038597	0.036917	0.036699	0.042024	0.084684	0.024147	0.030643	0.042258	0.110657	0.044065	0	0.027524	0	0	0.04207	0	0.034503	0.031782	0.059235	0.079057	0	0.037796	0	0	0.06455	0	0	0	0	0	0	0	0	0	0	0.041169	0	0	0	0	0	0	0	0	0	0	0	0	0.042258	0	0	0	0	0	0.063888	0.086066	0	0	0	0	0	0	0.086066	0	0	0	0	0	0	0	0	0	0	0	0	0	0	0	0	0	0	0	0	0	0	0	0	0.08165	0	0	0	0	0.119523	0	0	0	0	0	0	0	0	0	0	0	0	0	0	0	0	0	0	0	0.089443	0	0.124035	0	0	0	0	0	0	0	0	0	0	0	0	0	0	0	0	0	0	0	0	0	0	0	0	0	0	0	0	0	0	0	0	0	0	0	0	0	0	0	0	0	0	0	0	0.129099	0.258199	0	0	0	0.1	0	0	0	0	0	0	0	0	0	0	0	0	0	0	0	0	0	0	0	0	0	0	0	0	0	0	0	0	0	0	0	0	0	0	0	0	0	0	0	0	0	0	0.129099	0	0	0.141421	0.149071	0	0	0	0	0.186501	0.102598	0.2	0	0	0	0	0	0	0	0	0	0	0	0	0	0	0.129099	0	0	0	0	0	0	0	0	0	0	0	0	0	0	0	0	0	0	0	0	0	0	0	0	0	0	0	0	0	0.080322	0.09325	0	0	0	0	0	0	0	0	0	0.182574	0.258199	0	0	0	0	0	0	0	0	0	0	0	0	0	0	0	0	0	0	0	0	0	0	0	0	0	0	0	0	0	0	0	0	0	0	0	0	0	0.169031	0	0	0	0	0	0	0	0	0	0.119523	0	0	0	0.09759	0	0.149071	0	0	0	0	0	0	0	0	0	0	0	0	0	0	0	0	0	0	0	0	0	0	0	0	0	0	0	0	0	0	0	0	0	0	0	0	0	0	0	0	0	0	0	0	0	0	0	0	0	0	0	0	0	0	0	0	0	0	0	0	0	0	0	0	0	0	0	0	0	0	0	0	0	0	0	0	0	0	0	0	0	0	0	0	0	0	0
TTK	0.333333	0.333333	0.19245	0.149071	1	0.152944	0.117851	0.166667	0	0.076472	0.050833	0.096225	0	0.083333	0.035333	0.100504	0.105409	0.09245	0.069505	0.037268	0	0.05675	0.014804	0.021124	0.050833	0.04969	0.075485	0.145479	0	0	0	0	0.125988	0.251976	0.333333	0.149071	0	0.017617	0.016246	0.046374	0.071922	0.027516	0.054707	0.015661	0.084159	0.035997	0.045679	0	0.027493	0.065689	0	0.020515	0	0	0.031357	0	0.128586	0.094756	0.176604	0.235702	0	0.056344	0	0	0.048113	0	0	0	0	0	0	0	0	0	0	0.030686	0	0	0	0	0	0	0	0	0	0	0	0	0	0	0	0	0	0	0.047619	0.06415	0	0	0	0.074536	0	0	0	0	0	0	0	0	0	0.105409	0	0	0	0	0	0	0	0.044544	0	0	0	0	0	0	0	0	0	0	0	0	0	0	0.089087	0	0	0	0	0	0	0.04969	0	0	0	0	0	0.031782	0	0	0	0	0	0	0.066667	0	0.09245	0	0.028689	0.033672	0.031928	0.01985	0	0.030303	0.04969	0	0	0.096225	0	0	0	0	0	0	0	0	0.0548	0	0	0	0	0	0	0	0	0	0	0	0	0	0	0	0	0	0	0	0	0	0	0	0	0.096225	0.19245	0	0	0	0.074536	0	0	0	0	0	0	0	0	0	0	0	0	0	0	0	0	0	0	0	0	0	0	0	0	0	0	0	0	0	0	0	0	0	0	0	0	0	0	0	0	0	0	0.096225	0	0	0	0	0	0	0	0	0	0	0	0	0	0	0	0	0	0	0	0	0.105409	0	0	0	0	0.096225	0	0	0	0	0	0	0	0	0	0	0	0.105409	0	0	0	0	0	0	0	0	0	0	0	0	0	0	0	0	0	0.059868	0.069505	0	0	0	0	0	0	0	0	0	0	0	0	0	0	0	0	0	0	0	0	0	0	0	0	0	0	0	0	0	0	0	0	0	0	0.100504	0	0.149071	0	0.235702	0.149071	0.100504	0	0	0.105409	0	0	0	0	0.125988	0	0	0	0	0	0	0	0	0	0.089087	0	0	0	0.072739	0	0.111111	0	0	0	0	0	0	0	0	0	0	0	0	0	0	0	0	0	0	0	0	0	0	0	0	0	0	0	0	0	0	0	0	0	0	0	0	0	0	0	0	0	0	0	0	0	0	0	0	0	0	0	0	0	0	0	0	0	0	0	0	0	0	0	0	0	0	0	0	0	0	0	0	0	0	0	0	0	0	0	0	0	0	0	0	0	0	0
PLK3	0.229416	0.229416	0.132453	0.102598	0.152944	1	0.324443	0.114708	0	0.105263	0.104957	0.132453	0	0.057354	0.072954	0.069171	0.072548	0.063628	0.047836	0.102598	0	0.078117	0.101887	0.087232	0.034986	0.034199	0.051952	0.250313	0	0	0	0	0.086711	0.086711	0.229416	0.102598	0.015062	0.036375	0.022362	0.053194	0.0792	0.056814	0.075304	0.064673	0.115845	0.086711	0.062877	0.021678	0.094609	0.022605	0.025491	0.070598	0.073472	0.033113	0.043163	0.031513	0.123899	0.065215	0.091161	0.162221	0	0.077557	0	0	0.09934	0.081111	0	0	0	0	0	0.022283	0	0	0	0.042239	0	0	0	0	0	0	0	0	0.027037	0	0	0	0.021678	0	0	0	0	0	0.032774	0.044151	0.038778	0	0	0.051299	0	0.039344	0	0	0	0	0	0	0	0.072548	0.052632	0	0	0	0.051299	0	0	0	0.081111	0	0.072548	0	0	0	0	0	0	0	0	0	0	0	0.061314	0	0	0	0	0	0	0.034199	0	0	0	0	0	0.043748	0	0	0	0	0	0	0.045883	0	0.063628	0.022076	0.019745	0.046349	0.043948	0.040985	0	0	0	0.032774	0	0	0	0	0.081111	0	0	0	0	0	0.037716	0	0	0	0.042601	0	0.047836	0	0	0	0	0	0	0	0	0	0	0	0	0	0	0	0	0	0.066227	0.066227	0.132453	0	0.076472	0	0.051299	0	0.037216	0	0	0	0	0	0	0	0	0	0	0	0	0	0	0	0	0	0	0	0	0	0	0	0	0	0	0	0.061314	0	0	0	0	0	0	0	0	0	0	0	0	0.132453	0	0	0	0	0	0	0	0	0	0.052632	0	0	0	0.162221	0.114708	0	0.072548	0.059235	0.044992	0.069171	0	0.114708	0	0	0	0.066227	0	0	0	0	0	0	0.086711	0	0.162221	0.081111	0	0	0	0	0	0	0	0	0	0.093659	0.072548	0	0	0	0	0	0	0.086711	0.132453	0.082409	0.095673	0.132453	0	0.132453	0	0	0	0	0	0	0	0	0.114708	0.114708	0.162221	0.229416	0.054074	0.162221	0.061314	0	0	0	0	0	0	0	0.081111	0	0	0	0	0	0	0	0	0	0	0	0	0	0	0	0	0	0	0	0	0	0	0.260133	0.093659	0.324443	0	0	0	0	0	0	0	0.061314	0	0	0	0.050063	0	0.076472	0	0	0	0	0	0	0	0	0	0	0	0	0	0	0	0	0	0	0	0	0	0	0	0	0	0	0	0	0	0	0	0	0	0	0	0	0	0	0	0	0	0	0	0	0	0	0	0	0	0	0	0	0	0	0	0	0	0	0	0	0	0	0	0	0	0	0	0	0	0	0	0	0	0	0	0	0	0	0	0	0	0	0	0	0	0	0
VRK1	0.353553	0.353553	0.204124	0.316228	0.117851	0.324443	1	0.176777	0	0.081111	0.107833	0.102062	0	0.265165	0.037477	0.1066	0.111803	0.098058	0.073721	0.039528	0	0.030096	0.031404	0.044811	0.053916	0.158114	0.120096	0.038576	0.204124	0.353553	0.353553	0.25	0.267261	0	0	0.158114	0	0.037372	0.034462	0.032791	0.015257	0.043778	0.029013	0.066446	0.066948	0.07636	0.072675	0.033408	0.087482	0.034837	0.039284	0.065279	0	0.051031	0.099779	0	0.081832	0.050252	0.046829	0.125	0	0.029881	0	0	0.051031	0	0	0	0	0	0	0	0	0	0	0.032547	0	0	0	0	0	0	0	0.068041	0	0	0	0	0.033408	0	0	0	0	0	0.050508	0.068041	0	0	0	0	0.058124	0.060634	0	0	0	0	0	0	0	0	0	0	0	0	0.079057	0	0	0.047246	0	0	0	0	0	0	0.0625	0	0	0	0	0	0	0	0.094491	0	0	0	0	0	0	0.052705	0	0	0	0	0	0.03371	0	0	0	0	0	0	0.070711	0	0.098058	0	0	0	0	0	0	0	0	0	0	0	0	0	0	0	0	0	0	0	0.058124	0	0	0	0	0	0	0	0	0	0	0	0	0	0	0	0	0	0	0	0	0	0	0	0	0.102062	0.204124	0	0	0	0.079057	0	0.057354	0	0	0	0	0	0	0	0	0	0	0	0	0	0	0	0	0	0	0	0	0	0	0	0	0	0	0	0.094491	0	0	0	0	0	0	0	0	0	0	0	0	0.102062	0	0	0	0	0	0	0	0	0	0	0	0	0	0	0	0	0	0	0	0	0	0	0	0	0	0	0	0	0	0	0	0	0	0	0	0	0	0	0	0	0	0	0	0	0	0	0	0	0	0	0	0	0	0	0	0.0635	0.073721	0	0	0	0	0	0	0	0	0	0	0	0	0	0	0	0.083333	0.25	0.094491	0	0	0	0	0	0	0	0	0	0	0	0	0	0	0	0	0	0	0	0	0	0	0	0	0	0	0	0	0	0	0.133631	0	0	0	0	0	0	0	0	0	0.094491	0	0	0	0.077152	0	0.117851	0	0	0	0	0	0	0	0	0	0	0	0	0	0	0	0	0	0	0	0	0	0	0	0	0	0	0	0	0	0	0	0	0	0	0	0	0	0	0	0	0	0	0	0	0	0	0	0	0	0	0	0	0	0	0	0	0	0	0	0	0	0	0	0	0	0	0	0	0	0	0	0	0	0	0	0	0	0	0	0	0	0	0	0	0	0	0
TAF1	0.5	0.5	0.288675	0.223607	0.166667	0.114708	0.176777	1	0.5	0.114708	0.152499	0.144338	0	0.125	0.106	0.150756	0.158114	0.138675	0.104257	0.055902	0	0.085126	0.066617	0.063372	0.076249	0.074536	0.056614	0.054554	0	0	0	0	0.188982	0	0	0	0.032827	0.052852	0.048737	0.023187	0.021577	0.020637	0.04103	0.046984	0.03156	0.026997	0.034259	0	0.041239	0.049266	0	0.061546	0	0.072169	0.047036	0	0.077152	0.035533	0.132453	0.088388	0	0.042258	0	0	0.144338	0.058926	0.125	0	0	0	0	0.048564	0.091287	0.088388	0.088388	0.046029	0	0	0	0	0.223607	0.353553	0.188982	0.096225	0.058926	0.158114	0.138675	0	0.047246	0.133631	0.104257	0.098058	0	0	0.071429	0.096225	0	0	0	0.111803	0	0	0	0	0	0	0	0	0	0	0	0	0	0	0	0	0	0	0	0	0	0	0	0	0	0	0	0	0	0	0	0	0.133631	0	0	0	0	0	0	0.074536	0	0	0	0	0	0.047673	0	0	0	0	0	0	0.1	0	0.138675	0	0	0	0	0	0	0	0	0	0	0	0	0	0	0	0	0	0	0	0	0	0	0	0	0	0	0	0	0	0	0	0	0	0	0	0	0	0	0	0	0	0	0	0	0.144338	0.288675	0	0	0	0.223607	0	0	0	0	0	0	0	0	0	0	0	0	0	0	0	0	0	0	0	0	0	0	0	0	0	0	0	0	0	0	0	0	0	0	0	0	0	0	0	0	0	0	0.144338	0	0	0	0	0	0	0	0	0	0	0	0	0	0	0	0	0	0	0	0	0	0	0	0	0	0	0	0	0	0	0	0	0	0	0	0	0	0	0	0	0	0	0	0	0	0	0	0	0	0	0	0	0	0	0	0.089803	0.104257	0	0	0	0	0	0	0	0	0	0	0	0	0	0	0	0	0	0	0	0	0	0	0	0	0	0	0	0	0	0	0	0	0	0	0	0	0	0	0	0	0	0	0	0	0	0	0	0	0.188982	0	0	0	0	0	0	0	0	0	0.133631	0	0	0	0.109109	0	0.166667	0	0	0	0	0	0	0	0	0	0	0	0	0	0	0	0	0	0	0	0	0	0	0	0	0	0	0	0	0	0	0	0	0	0	0	0	0	0	0	0	0	0	0	0	0	0	0	0	0	0	0	0	0	0	0	0	0	0	0	0	0	0	0	0	0	0	0	0	0	0	0	0	0	0	0	0	0	0	0	0	0	0	0	0	0	0	0
TBP	0	0	0	0	0	0	0	0.5	1	0	0	0	0	0	0	0	0	0	0	0	0	0.085126	0.044412	0.063372	0	0	0	0	0	0	0	0	0	0	0	0	0	0	0	0	0	0	0	0	0	0	0	0	0	0	0	0	0	0	0	0	0	0	0	0	0	0	0	0	0	0	0	0	0	0	0	0	0	0	0	0	0	0	0	0	0	0	0	0	0	0	0	0	0	0	0	0	0	0	0	0	0	0	0	0	0	0	0	0	0	0	0	0	0	0	0	0	0	0	0	0	0	0	0	0	0	0	0	0	0	0	0	0	0	0	0	0	0	0	0	0	0	0	0	0	0	0	0	0	0	0	0	0	0	0	0	0	0	0	0	0	0	0	0	0	0	0	0	0	0	0	0	0	0	0	0	0	0	0	0	0	0	0	0	0	0	0	0	0	0	0	0	0	0	0	0	0	0	0	0	0	0	0	0	0	0	0	0	0	0	0	0	0	0	0	0	0	0	0	0	0	0	0	0	0	0	0	0	0	0	0	0	0	0	0	0	0	0	0	0	0	0	0	0	0	0	0	0	0	0	0	0	0	0	0	0	0	0	0	0	0	0	0	0	0	0	0	0	0	0	0	0	0	0	0	0	0	0	0	0	0	0	0	0	0	0	0	0	0	0	0	0	0	0	0	0	0	0	0	0	0	0	0	0	0	0	0	0	0	0	0	0	0	0	0	0	0	0	0	0	0	0	0	0	0	0	0	0	0	0	0	0	0	0	0	0	0	0	0	0	0	0	0	0	0	0	0	0	0	0	0	0	0	0	0	0	0	0	0	0	0	0	0	0	0	0	0	0	0	0	0	0	0	0	0	0	0	0	0	0	0	0	0	0	0	0	0	0	0	0	0	0	0	0	0	0	0	0	0	0	0	0	0	0	0	0	0	0	0	0	0	0	0	0	0	0	0	0	0	0	0	0	0	0	0	0	0	0	0	0	0	0	0	0	0	0	0	0	0	0	0	0	0	0	0	0	0	0	0	0	0	0	0	0	0	0	0	0	0	0	0	0
DYRK1A	0.229416	0.229416	0.132453	0.102598	0.076472	0.105263	0.081111	0.114708	0	1	0.209913	0.066227	0	0.057354	0.072954	0.069171	0.072548	0.063628	0.143509	0.102598	0	0.019529	0.061132	0.029077	0.034986	0.034199	0.025976	0.050063	0	0	0	0	0.086711	0	0	0.102598	0.045186	0.084875	0.055905	0.063833	0.0792	0.09469	0.103543	0.086231	0.101364	0.099098	0.062877	0.021678	0.094609	0.113025	0	0.028239	0.036736	0.033113	0.086326	0.126051	0.0177	0.032608	0.030387	0.081111	0	0.038778	0	0.057354	0.033113	0.027037	0	0.036274	0	0	0	0.066848	0	0	0.040555	0.042239	0	0	0	0	0.102598	0	0	0.044151	0.054074	0.072548	0.063628	0	0.043355	0	0	0	0	0	0.065547	0.044151	0.038778	0	0	0	0	0	0	0	0	0.114708	0.229416	0.229416	0.205196	0.072548	0.052632	0	0	0	0	0.051299	0	0.030657	0.081111	0.055641	0	0.162221	0	0	0	0	0.041204	0	0	0	0.162221	0.132453	0.183942	0.114708	0	0.081111	0	0	0	0	0	0	0	0	0	0.065622	0.059235	0	0	0	0	0	0.045883	0	0.063628	0.022076	0.03949	0.023174	0	0.054646	0	0.020856	0	0.065547	0	0	0	0	0.081111	0	0	0	0	0	0	0	0	0	0.042601	0	0	0	0	0	0	0	0	0	0	0	0	0	0	0	0	0	0	0	0	0.132453	0.132453	0	0.076472	0	0.051299	0	0	0	0.081111	0	0	0	0.081111	0	0	0	0	0	0	0	0	0	0	0	0.063628	0	0	0	0	0	0	0	0	0	0.061314	0	0	0	0	0	0.093659	0.102598	0.132453	0	0.054074	0	0	0.066227	0	0	0	0	0	0	0	0	0	0	0	0	0	0	0	0	0.072548	0	0.044992	0.069171	0	0	0	0.086711	0.132453	0	0	0	0	0	0	0	0	0	0	0	0	0	0	0	0	0	0	0	0.132453	0	0	0.063628	0	0.122628	0	0	0	0	0	0.041204	0.047836	0	0	0	0	0	0	0	0.086711	0	0	0	0	0	0	0	0	0	0	0	0	0	0	0	0	0	0	0	0	0	0	0	0	0	0	0	0	0	0	0	0	0	0	0	0	0	0	0	0	0.173422	0.093659	0.081111	0	0	0	0	0	0	0	0.061314	0	0	0	0.050063	0	0.076472	0	0	0	0	0	0	0	0	0	0	0	0	0	0	0	0	0	0	0	0	0	0	0	0	0	0	0	0	0	0	0	0	0	0	0	0	0	0	0	0	0	0	0	0	0	0	0	0	0	0	0	0	0	0	0	0	0	0	0	0	0	0	0	0	0	0	0	0	0	0	0	0	0	0	0	0	0	0	0	0	0	0	0	0	0	0	0
GSK3A	0.152499	0.152499	0.088045	0.068199	0.050833	0.104957	0.107833	0.152499	0	0.209913	1	0.088045	0	0.038125	0.129319	0.09196	0.096449	0.084591	0.222587	0.068199	0	0.077889	0.0745	0.077314	0.046512	0.022733	0.017267	0.099834	0	0	0	0	0.057639	0	0	0	0.080096	0.096718	0.12635	0.07072	0.07897	0.107003	0.200227	0.121805	0.125133	0.131746	0.125388	0.072049	0.113201	0.120209	0.101666	0.056314	0.048839	0.066034	0.057383	0.062842	0.047062	0.054188	0.040398	0.080875	0	0.025777	0	0.038125	0.110056	0.053916	0.038125	0.048224	0	0	0	0.088872	0.083527	0.107833	0.107833	0.070193	0	0	0	0	0.068199	0.107833	0.057639	0.058697	0.089861	0.096449	0.126886	0.088045	0.043229	0.040757	0.063596	0.089722	0	0	0.065357	0.029348	0	0	0	0.0341	0	0.026153	0.029348	0	0	0	0	0	0.068199	0	0.034986	0	0	0.088045	0.0341	0.0341	0	0.061135	0	0.073973	0.096449	0.053916	0	0	0.026958	0	0.054779	0	0	0	0	0	0.081514	0	0	0.053916	0	0	0.084955	0.068199	0.048224	0.044023	0.081514	0.062257	0	0.101781	0.039375	0	0	0	0.050833	0	0.060999	0.038125	0.042295	0.014674	0.039375	0	0.014607	0.036325	0.014882	0.013864	0	0.021786	0	0	0.040757	0	0	0	0	0	0.066556	0	0.075212	0	0	0	0.028318	0	0.031798	0	0	0	0	0.02882	0	0	0	0	0	0	0	0	0	0	0	0	0	0.132068	0.088045	0	0	0	0.068199	0	0	0	0.053916	0	0.088045	0.152499	0.107833	0.09196	0	0	0.026958	0.028318	0.068199	0	0	0.050833	0	0	0.042295	0	0	0	0	0	0	0	0.060999	0	0.040757	0	0	0	0	0	0.062257	0.068199	0.088045	0	0.071889	0.039375	0	0.044023	0	0	0	0	0	0	0	0	0	0.034986	0	0	0	0	0	0	0	0	0	0	0	0	0.042295	0	0	0	0	0	0	0	0	0	0	0	0	0	0	0	0	0	0	0	0	0	0	0	0.048224	0	0	0.040757	0	0	0	0	0	0.02739	0.031798	0	0	0	0	0	0	0	0	0	0	0	0	0	0	0	0.035944	0.107833	0.040757	0	0	0	0	0	0	0	0	0	0	0	0	0	0	0	0	0	0	0	0	0	0	0	0	0	0	0	0	0	0	0.057639	0	0	0	0	0	0	0	0	0	0.040757	0	0	0	0.033278	0	0.050833	0	0	0	0	0	0	0	0	0	0	0	0	0	0	0	0	0.0341	0.039375	0.050833	0	0	0	0	0	0	0	0	0	0	0	0	0	0	0	0	0	0	0	0	0	0	0	0	0	0	0	0	0	0	0	0	0	0	0	0	0	0	0	0	0	0	0	0	0	0	0	0	0	0	0	0	0	0	0	0	0	0	0	0	0	0	0	0	0	0	0	0
DAPK1	0.288675	0.288675	0.166667	0.129099	0.096225	0.132453	0.102062	0.144338	0	0.066227	0.088045	1	0.387298	0.360844	0.0306	0.087039	0.091287	0.080064	0.120386	0.032275	0	0.024574	0.089744	0.054882	0.044023	0.043033	0.065372	0.062994	0	0	0	0	0.109109	0	0	0	0	0.076285	0.042207	0.040161	0.024915	0.035745	0.023689	0.040689	0.054663	0.062348	0.059339	0.027277	0.047619	0.056888	0	0.035533	0.046225	0	0.027156	0	0.044544	0.020515	0.076472	0.051031	0	0.024398	0	0	0.083333	0.068041	0.072169	0	0	0	0	0.112154	0.105409	0.051031	0.051031	0.053149	0	0	0	0	0	0	0	0	0.034021	0	0	0	0	0	0.060193	0.113228	0	0	0.041239	0.055556	0.048795	0	0	0.06455	0	0.049507	0.055556	0	0	0	0	0	0	0.091287	0.066227	0	0	0	0	0	0	0	0	0	0	0	0	0	0	0	0	0	0	0	0	0	0.077152	0	0	0	0	0	0	0	0	0	0	0	0	0	0	0	0	0	0	0	0.057735	0	0.080064	0.055556	0.024845	0	0.02765	0.01719	0	0.026243	0	0	0	0	0	0	0	0	0	0	0	0	0	0	0	0	0	0	0	0	0	0	0	0	0	0	0	0	0	0	0	0	0	0	0	0	0	0.083333	0.166667	0	0	0	0.06455	0	0.046829	0	0	0	0	0	0.102062	0	0	0	0	0	0	0	0	0	0.129099	0	0.080064	0	0	0	0	0	0	0	0	0	0	0	0	0	0	0	0	0	0	0	0	0	0.074536	0.166667	0	0	0	0	0	0	0	0	0	0.066227	0	0	0	0.204124	0.144338	0	0.091287	0.074536	0.056614	0.087039	0	0.144338	0	0	0	0.083333	0	0	0	0	0	0	0	0	0	0.102062	0	0	0	0	0	0	0	0	0	0.117851	0	0.080064	0	0	0	0	0	0	0	0.051848	0.060193	0	0	0	0	0	0	0	0	0	0	0.166667	0	0	0	0	0	0	0	0	0	0	0	0	0	0	0	0	0	0	0	0	0.204124	0	0	0	0	0	0	0	0	0	0	0	0	0	0	0	0	0.109109	0	0	0	0.166667	0.288675	0	0	0	0	0.077152	0	0	0	0.062994	0	0.096225	0	0	0	0	0	0	0	0	0	0	0	0	0	0	0	0	0.06455	0	0	0	0	0	0	0	0	0	0	0	0	0	0	0	0	0	0	0	0	0	0	0	0	0	0	0	0	0	0	0	0	0	0	0	0	0	0	0	0	0	0	0	0	0	0	0	0	0	0	0	0	0	0	0	0	0	0	0	0	0	0	0	0	0	0	0	0	0	0
DAPK2	0	0	0	0	0	0	0	0	0	0	0	0.387298	1	0.33541	0	0	0	0	0	0	0	0.038069	0.019861	0.028341	0	0	0	0	0	0	0	0	0	0	0	0	0	0.047272	0.021796	0.041478	0	0	0	0	0	0.024147	0.030643	0	0	0	0	0.027524	0	0	0	0	0	0	0	0	0	0	0	0	0	0.052705	0.111803	0	0	0	0	0.043437	0	0	0	0	0	0	0	0	0	0	0	0	0	0	0	0	0	0	0.186501	0.175412	0	0	0	0	0	0	0	0	0	0	0	0	0	0	0	0	0	0	0	0	0	0	0	0	0	0	0	0	0	0	0	0	0	0	0	0	0	0	0	0	0	0	0	0	0	0	0	0	0	0	0	0	0	0	0	0	0	0	0	0	0	0	0	0	0	0	0	0	0	0	0	0	0	0	0	0	0	0	0	0	0	0	0	0	0	0	0	0	0	0	0	0	0	0	0	0	0	0	0	0	0	0	0	0	0	0	0	0	0	0	0	0	0	0	0	0	0	0	0	0	0	0	0	0	0	0	0	0	0	0	0	0	0	0	0	0	0	0	0	0	0	0	0	0	0	0	0	0	0	0	0	0	0	0	0	0	0	0	0	0	0	0	0	0	0	0	0	0	0	0	0	0	0	0	0	0	0	0	0	0	0	0	0	0	0	0	0	0	0	0	0	0	0	0	0	0	0	0	0	0	0	0	0	0	0	0	0	0	0	0	0	0	0	0	0	0	0	0	0	0	0	0	0	0	0	0	0	0	0	0	0	0	0	0	0	0	0	0	0	0	0	0	0	0	0	0	0	0	0	0	0	0	0	0	0	0	0	0	0	0	0	0	0	0	0	0	0	0	0	0	0	0	0	0	0	0	0	0	0	0	0	0	0	0	0	0	0	0	0	0	0	0	0	0	0	0	0	0	0	0	0	0	0	0	0	0	0	0	0	0	0	0	0	0	0	0	0	0	0	0	0	0	0	0	0	0	0	0	0	0	0	0	0	0	0	0	0	0	0	0	0	0	0	0	0	0	0	0	0	0	0	0	0	0	0	0	0	0	0	0	0	0	0	0	0
DAPK3	0.25	0.25	0.144338	0.111803	0.083333	0.057354	0.265165	0.125	0	0.057354	0.038125	0.360844	0.33541	1	0.0265	0.075378	0.079057	0.069338	0.052129	0.055902	0	0.042563	0.066617	0.031686	0.076249	0.111803	0.169842	0.054554	0.144338	0.25	0.25	0.176777	0.188982	0	0	0.111803	0.032827	0.105703	0.048737	0.069561	0.010788	0.030956	0.030773	0.035238	0.03156	0.067494	0.051389	0	0.02062	0.024633	0	0.030773	0	0.036084	0.094072	0.06868	0.038576	0.035533	0.066227	0.088388	0	0.021129	0	0	0.072169	0.029463	0.0625	0.039528	0	0	0	0.024282	0.045644	0.044194	0.044194	0.023014	0	0	0	0	0	0	0	0.048113	0	0	0	0	0.023623	0	0.104257	0.049029	0	0	0.035714	0.048113	0.042258	0	0	0	0.0411	0.214373	0.096225	0	0	0	0	0	0	0	0	0	0	0.144338	0.167705	0	0	0.100223	0.088388	0	0.079057	0.088388	0	0	0.044194	0	0	0	0	0	0	0	0.066815	0	0	0	0	0	0.046424	0.037268	0	0	0	0	0	0.047673	0	0	0	0	0	0	0.1	0	0.069338	0.024056	0	0	0	0.029775	0	0	0	0	0	0	0	0	0	0	0	0	0	0	0.0411	0	0	0	0	0	0	0	0	0	0	0	0	0	0	0	0	0	0.102062	0	0	0	0	0	0	0.072169	0.144338	0	0	0	0.055902	0.0533	0.040555	0	0	0	0	0	0.088388	0	0	0.094491	0.044194	0.046424	0	0	0	0	0	0.072169	0.138675	0	0	0	0	0	0	0	0	0	0.133631	0	0	0	0	0	0	0	0	0	0	0	0	0.072169	0	0	0	0	0	0.066815	0	0	0	0	0	0	0	0	0	0	0	0	0.049029	0	0	0	0	0	0	0	0	0	0	0	0	0	0	0	0	0	0	0	0	0	0	0	0	0	0	0	0	0	0.125	0	0	0	0	0	0	0.044901	0.052129	0	0	0	0	0	0	0	0	0	0	0.144338	0	0	0	0	0	0	0.066815	0	0	0	0	0	0	0	0	0	0	0	0.144338	0.176777	0.176777	0	0	0	0	0	0	0	0	0	0	0	0	0	0	0	0	0.094491	0	0	0	0	0	0	0	0	0	0.066815	0	0	0	0.054554	0	0.083333	0	0	0	0	0	0	0	0	0	0	0	0	0	0	0	0	0	0	0	0	0	0	0	0	0	0	0	0	0	0	0	0	0	0	0	0	0	0	0	0	0	0	0	0	0	0	0	0	0	0	0	0	0	0	0	0	0	0	0	0	0	0	0	0	0	0	0	0	0	0	0	0	0	0	0	0	0	0	0	0	0	0	0	0	0	0	0
CSNK1A1	0.106	0.106	0.061199	0.047405	0.035333	0.072954	0.037477	0.106	0	0.072954	0.129319	0.0306	0	0.0265	1	0.351562	0.335201	0.293991	0.26523	0.177767	0.106	0.216559	0.183597	0.194806	0.080824	0.031603	0.012002	0.057828	0	0	0	0	0.040064	0.040064	0	0	0.076551	0.100841	0.072326	0.063903	0.059465	0.078751	0.121778	0.054783	0.066906	0.045788	0.029052	0.010016	0.061199	0.073111	0.035333	0.117429	0.033947	0.076499	0.039886	0.02912	0.098137	0.075331	0.05616	0.074953	0	0.026876	0	0	0.076499	0.062461	0.053	0.10056	0	0	0	0.061774	0.019353	0.056215	0.037477	0.04879	0	0	0	0	0.047405	0.074953	0.120192	0.040799	0.099938	0.06704	0.058798	0	0.040064	0.02833	0.044205	0.041577	0	0	0.030286	0.0204	0.071669	0	0	0.047405	0.052279	0	0.040799	0	0	0	0	0	0	0	0	0	0	0	0.023702	0	0	0.014165	0.037477	0.025709	0.03352	0	0	0	0.018738	0	0.038076	0.019353	0	0	0	0	0.056659	0	0	0	0	0	0.039367	0.063206	0.03352	0.0306	0.02833	0	0	0.080853	0.027369	0.043274	0	0	0.035333	0	0.0212	0.0265	0.029399	0.0204	0.045615	0.032123	0.020306	0.025249	0.031034	0.028909	0.031603	0.045428	0	0	0	0.037477	0.037477	0	0	0	0.023131	0	0	0	0	0	0.019684	0	0	0	0	0	0	0	0	0	0.040064	0	0	0.023131	0	0	0	0	0	0	0	0.0306	0.061199	0	0	0	0.047405	0.022599	0	0.03196	0.037477	0	0	0	0.037477	0.03196	0	0	0.056215	0.039367	0	0	0	0	0	0.0306	0.029399	0.061199	0.061199	0	0	0.061199	0.043274	0	0.0212	0	0	0	0	0	0	0	0	0	0	0	0	0	0	0.0306	0	0	0	0.035333	0	0	0	0	0	0.024318	0	0	0	0	0	0	0	0	0.020788	0	0	0	0.029399	0	0	0.0306	0	0	0	0	0	0	0	0	0.074953	0	0.074953	0.10056	0.037477	0.074953	0.106	0.074953	0.106	0.074953	0.061199	0.043274	0.03352	0.058798	0	0	0	0	0.053	0	0	0.038076	0.022102	0	0	0	0	0	0	0	0.040064	0	0	0	0	0	0	0	0.024984	0	0	0	0	0	0	0	0	0	0	0.053	0.106	0	0	0	0	0	0	0	0	0	0	0	0	0	0	0	0	0	0	0	0.043274	0.080128	0.043274	0.037477	0	0.061199	0	0	0	0	0	0.02833	0	0	0	0.023131	0	0.035333	0	0	0	0	0	0	0	0	0	0	0	0	0	0	0	0	0	0	0	0	0.053	0	0	0	0	0	0	0	0	0	0	0	0	0	0	0	0	0.106	0	0	0.061199	0	0	0	0	0	0	0	0	0	0	0	0	0	0	0	0	0	0	0	0	0	0	0	0	0	0	0	0	0	0	0	0	0	0	0	0	0	0	0	0	0	0	0	0	0	0
CSNK1A1L	0.301511	0.301511	0.174078	0.13484	0.100504	0.069171	0.1066	0.150756	0	0.069171	0.09196	0.087039	0	0.075378	0.351562	1	0.953463	0.836242	0.628695	0.3371	0.301511	0.256664	0.080344	0.095538	0.13794	0.044947	0.034139	0.065795	0	0	0	0	0.113961	0	0	0	0.019795	0.031871	0.044084	0.027965	0.026022	0.037334	0.061856	0.028332	0.038062	0.01628	0.020659	0.02849	0.074605	0.118835	0	0.074227	0	0	0.028364	0	0.093048	0.042855	0.039936	0.0533	0	0.025482	0	0	0.043519	0	0	0	0	0	0	0.029285	0	0	0	0.027756	0	0	0	0	0	0	0	0	0	0	0	0	0.02849	0	0	0	0	0	0.086146	0.058026	0	0	0	0	0	0	0	0	0	0	0	0	0	0	0	0	0	0	0	0	0	0	0.1066	0	0.095346	0	0	0	0.0533	0	0.054153	0	0	0	0	0	0.080582	0	0	0	0	0	0.055989	0.044947	0	0	0	0	0	0.114992	0	0	0	0	0.100504	0	0.060302	0	0.083624	0.029013	0.0519	0	0.02888	0.017955	0	0	0	0	0	0	0	0	0	0	0	0	0.065795	0	0	0	0	0	0	0	0	0	0	0	0	0	0	0	0	0	0	0	0	0	0	0	0	0	0	0.087039	0.174078	0	0	0	0.06742	0	0	0	0	0	0	0	0.1066	0.090909	0	0	0.0533	0	0	0	0	0	0	0.087039	0	0	0	0	0	0	0	0	0.060302	0	0	0	0	0	0	0	0	0	0	0	0	0	0	0.087039	0	0	0	0	0	0	0	0	0	0	0	0	0	0	0	0	0	0	0	0	0	0	0	0	0	0	0	0	0	0	0	0	0	0	0	0	0	0.095346	0.1066	0	0	0	0	0	0	0	0	0	0	0	0	0	0	0	0	0.054153	0.062869	0	0	0	0	0	0	0	0	0	0	0	0	0	0	0	0	0	0	0	0	0	0	0	0	0	0	0	0	0	0	0	0	0	0	0	0	0	0	0	0	0	0	0	0	0	0	0	0	0.113961	0	0	0	0	0	0	0	0	0	0.080582	0	0	0	0.065795	0	0.100504	0	0	0	0	0	0	0	0	0	0	0	0	0	0	0	0	0	0	0	0	0	0	0	0	0	0	0	0	0	0	0	0	0	0	0	0	0	0	0	0	0	0	0	0	0	0	0	0	0	0	0	0	0	0	0	0	0	0	0	0	0	0	0	0	0	0	0	0	0	0	0	0	0	0	0	0	0	0	0	0	0	0	0	0	0	0	0
CSNK1G3	0.316228	0.316228	0.182574	0.141421	0.105409	0.072548	0.111803	0.158114	0	0.072548	0.096449	0.091287	0	0.079057	0.335201	0.953463	1	0.877058	0.65938	0.353553	0.316228	0.269191	0.084265	0.100201	0.144673	0.04714	0.035806	0.069007	0	0	0	0	0.119523	0	0	0	0.020761	0.033426	0.046236	0.029329	0.027292	0.039156	0.064875	0.029715	0.03992	0.017075	0.021668	0.029881	0.078246	0.093477	0	0.07785	0	0	0.029748	0	0.073193	0.044947	0.041885	0.055902	0	0.026726	0	0	0.045644	0	0	0	0	0	0	0.030715	0	0	0	0.029111	0	0	0	0	0	0	0	0	0	0	0	0	0.029881	0	0	0	0	0	0.090351	0.060858	0	0	0	0	0	0	0	0	0	0	0	0	0	0	0	0	0	0	0	0	0	0	0.111803	0	0.1	0	0	0	0.055902	0	0.056796	0	0	0	0	0	0.084515	0	0	0	0	0	0.058722	0.04714	0	0	0	0	0	0.090453	0	0	0	0	0.105409	0	0.063246	0	0.087706	0.030429	0.054433	0	0.030289	0.018831	0	0	0	0	0	0	0	0	0	0	0	0	0.069007	0	0	0	0	0	0	0	0	0	0	0	0	0	0	0	0	0	0	0	0	0	0	0	0	0	0	0.091287	0.182574	0	0	0	0.070711	0	0	0	0	0	0	0	0.111803	0.095346	0	0	0.055902	0	0	0	0	0	0	0.091287	0	0	0	0	0	0	0	0	0.063246	0	0	0	0	0	0	0	0	0	0	0	0	0	0	0.091287	0	0	0	0	0	0	0	0	0	0	0	0	0	0	0	0	0	0	0	0	0	0	0	0	0	0	0	0	0	0	0	0	0	0	0	0	0	0.1	0.111803	0	0	0	0	0	0	0	0	0	0	0	0	0	0	0	0	0.056796	0.065938	0	0	0	0	0	0	0	0	0	0	0	0	0	0	0	0	0	0	0	0	0	0	0	0	0	0	0	0	0	0	0	0	0	0	0	0	0	0	0	0	0	0	0	0	0	0	0	0	0.119523	0	0	0	0	0	0	0	0	0	0.084515	0	0	0	0.069007	0	0.105409	0	0	0	0	0	0	0	0	0	0	0	0	0	0	0	0	0	0	0	0	0	0	0	0	0	0	0	0	0	0	0	0	0	0	0	0	0	0	0	0	0	0	0	0	0	0	0	0	0	0	0	0	0	0	0	0	0	0	0	0	0	0	0	0	0	0	0	0	0	0	0	0	0	0	0	0	0	0	0	0	0	0	0	0	0	0	0
CSNK1G2	0.27735	0.27735	0.160128	0.124035	0.09245	0.063628	0.098058	0.138675	0	0.063628	0.084591	0.080064	0	0.069338	0.293991	0.836242	0.877058	1	0.578315	0.310087	0.27735	0.236096	0.086223	0.087882	0.126886	0.041345	0.031404	0.060523	0	0	0	0	0.104828	0	0	0	0.018209	0.043975	0.040552	0.025724	0.023937	0.04579	0.068279	0.026062	0.052519	0.014975	0.019004	0.026207	0.068626	0.081984	0	0.068279	0	0	0.026091	0	0.064194	0.039421	0.036736	0.049029	0	0.02344	0	0	0.040032	0	0	0	0	0	0	0.026939	0	0	0	0.051064	0	0	0	0	0	0	0	0	0	0	0	0	0.026207	0	0	0	0	0	0.079243	0.053376	0	0	0	0	0	0	0	0	0	0	0	0	0	0	0	0	0	0	0	0	0	0	0.098058	0	0.087706	0	0	0	0.049029	0	0.049814	0	0	0	0	0	0.074125	0	0	0	0.083624	0	0.051503	0.08269	0	0	0	0	0	0.105777	0	0	0	0	0.09245	0	0.05547	0	0.076923	0.026688	0.071611	0	0.026565	0.016516	0	0	0	0	0	0	0	0	0	0	0	0	0.060523	0	0	0	0	0	0	0	0	0	0	0	0	0	0	0	0	0	0	0	0	0	0	0	0	0	0	0.080064	0.160128	0	0	0	0.062017	0	0	0	0	0	0	0	0.098058	0.083624	0	0	0.049029	0	0	0	0	0	0	0.080064	0	0	0	0	0	0	0	0	0.05547	0	0	0	0	0	0	0	0	0	0	0	0	0	0	0.080064	0	0	0	0	0	0	0	0	0	0	0	0	0	0	0	0	0	0	0	0	0	0	0	0	0	0	0	0	0	0	0	0	0	0	0	0	0	0.087706	0.098058	0	0	0	0	0	0	0	0	0	0	0	0	0	0	0	0	0.049814	0.057831	0	0	0	0	0	0	0	0	0	0	0	0	0	0	0	0	0	0	0	0	0	0	0	0	0	0	0	0	0	0	0	0	0	0	0	0	0	0	0	0	0	0	0	0	0	0	0	0	0.104828	0	0	0	0	0	0	0	0	0	0.074125	0	0	0	0.060523	0	0.09245	0	0	0	0	0	0	0	0	0	0	0	0	0	0	0	0	0	0	0	0	0	0	0	0.27735	0	0	0	0	0	0	0	0	0	0	0	0	0	0	0	0	0	0	0	0	0	0	0	0	0	0	0	0	0	0	0	0	0	0	0	0	0	0	0	0	0	0	0	0	0	0	0	0	0	0	0	0	0	0	0	0	0	0	0	0	0	0	0
CSNK1G1	0.208514	0.208514	0.120386	0.09325	0.069505	0.047836	0.073721	0.104257	0	0.143509	0.222587	0.120386	0	0.052129	0.26523	0.628695	0.65938	0.578315	1	0.256439	0.208514	0.212999	0.074084	0.06607	0.095394	0.031083	0.02361	0.045502	0	0	0	0	0.078811	0	0	0	0.054759	0.055102	0.081299	0.077357	0.062986	0.06885	0.09411	0.048984	0.078968	0.033776	0.042862	0.039406	0.068792	0.102728	0	0.064166	0.033389	0.030096	0.039231	0.028642	0.064349	0.059274	0.027618	0.073721	0	0.052868	0	0.052129	0.030096	0.024574	0	0.032969	0	0	0	0.060758	0	0	0	0.038391	0	0	0	0	0	0	0	0.040129	0.049147	0.065938	0.057831	0	0.059108	0	0	0	0	0	0.089363	0.040129	0	0	0	0	0	0.03576	0	0	0	0	0	0	0.09325	0	0	0	0	0	0	0.046625	0	0.027864	0.073721	0.050572	0.065938	0	0	0	0.073721	0	0.03745	0	0	0	0	0	0.111456	0	0	0	0	0	0.03872	0.031083	0	0	0	0	0	0.099405	0.053838	0	0	0	0.069505	0	0.041703	0	0.057831	0.020064	0.053838	0	0.019972	0.024834	0	0	0	0.029788	0	0	0	0	0	0	0	0	0.045502	0	0	0	0	0	0	0	0	0	0	0	0	0	0	0	0	0	0	0	0	0	0	0	0	0	0	0.120386	0.120386	0	0	0	0.046625	0	0	0	0.073721	0	0	0	0.073721	0.062869	0	0	0.03686	0	0	0	0	0	0	0.060193	0	0	0	0	0	0	0	0	0.041703	0	0.055728	0	0	0	0	0	0.085126	0.09325	0.120386	0	0.049147	0	0	0.060193	0	0	0	0	0	0	0	0	0	0	0	0	0	0	0	0	0	0	0	0	0	0	0	0	0	0	0	0	0	0	0	0	0	0	0	0	0	0.065938	0.073721	0	0	0	0	0	0	0	0	0.057831	0	0.055728	0	0	0	0	0	0.03745	0.043478	0	0	0	0	0	0	0	0	0	0	0	0	0	0	0	0	0	0	0	0	0	0	0	0	0	0	0	0	0	0	0	0	0	0	0	0	0	0	0	0	0	0	0	0	0	0	0	0	0.078811	0	0	0	0	0	0	0	0	0	0.055728	0	0	0	0.045502	0	0.069505	0	0	0	0	0	0	0	0	0	0	0	0	0	0	0	0	0	0	0	0	0	0	0	0	0	0	0	0	0	0	0	0	0	0	0	0	0	0	0	0	0	0	0	0	0	0	0	0	0	0	0	0	0	0	0	0	0	0	0	0	0	0	0	0	0	0	0	0	0	0	0	0	0	0	0	0	0	0	0	0	0	0	0	0	0	0	0
CSNK1D	0.111803	0.111803	0.06455	0.05	0.037268	0.102598	0.039528	0.055902	0	0.102598	0.068199	0.032275	0	0.055902	0.177767	0.3371	0.353553	0.310087	0.256439	1	0.111803	0.152277	0.20358	0.155876	0.05115	0.016667	0.025318	0.073193	0	0	0	0	0.042258	0	0	0	0.095423	0.106362	0.081734	0.093326	0.091669	0.087678	0.133033	0.094554	0.07057	0.048295	0.038303	0.021129	0.073771	0.099147	0.024845	0.096334	0.071611	0.06455	0.04207	0.076787	0.120761	0.111237	0.044426	0.079057	0	0.037796	0	0.027951	0.080687	0.052705	0.027951	0.053033	0	0	0	0.054297	0	0	0	0.051462	0	0	0	0	0	0	0	0.06455	0.052705	0	0	0	0.052822	0	0	0	0	0	0.047916	0.021517	0.037796	0.074536	0	0	0.01838	0.038348	0.021517	0	0	0	0	0	0.1	0	0	0	0	0	0.025	0.025	0	0	0.039528	0.027116	0.035355	0	0	0	0.059293	0	0.060241	0.061237	0.032275	0.062017	0	0	0.089642	0	0	0	0.03371	0	0.041523	0.066667	0.035355	0.032275	0.029881	0	0	0.09594	0.028868	0	0	0	0.037268	0	0.022361	0	0.031009	0.032275	0.086603	0.045175	0.053544	0.086551	0.032733	0.030492	0	0.047916	0.031009	0	0	0	0.039528	0	0	0	0.024398	0	0	0	0.06455	0	0.041523	0	0.023313	0	0	0	0	0	0	0	0	0	0	0	0	0	0	0	0	0	0	0.06455	0.06455	0	0	0	0.025	0.023837	0	0	0	0	0	0	0.039528	0.10113	0	0	0.059293	0.041523	0	0	0	0.037268	0.05	0.06455	0.062017	0.129099	0.06455	0.079057	0.079057	0	0.045644	0	0.022361	0	0.059761	0	0	0	0	0	0.045644	0.05	0.06455	0	0.079057	0.057735	0	0.032275	0	0	0	0	0	0	0	0	0	0.025649	0	0	0	0	0	0	0	0.057735	0.021926	0	0	0	0	0	0	0	0	0	0	0	0	0	0	0	0	0	0	0.035355	0.079057	0	0	0	0	0	0	0	0.035355	0	0	0.029881	0	0	0	0.042258	0.06455	0.02008	0.023313	0	0	0	0.06455	0	0	0	0	0.055902	0	0	0	0	0	0	0.026352	0	0.029881	0	0	0	0	0	0.055902	0	0.039528	0	0	0	0	0	0	0	0	0	0	0.05	0	0	0.05	0	0	0	0.035355	0	0	0	0.045644	0.084515	0.045644	0.039528	0	0	0	0	0	0	0	0.029881	0	0	0	0.024398	0	0.037268	0	0	0.035355	0	0.045644	0.03371	0	0	0	0	0	0	0.039528	0	0	0	0.025	0.028868	0	0	0	0.111803	0	0	0	0	0	0	0	0	0	0	0	0	0	0	0	0	0	0	0	0	0	0	0	0	0	0	0	0	0	0	0	0	0	0	0	0	0	0	0	0	0	0	0	0	0	0	0	0	0	0	0	0	0	0	0	0	0	0	0	0	0	0	0	0	0
GAK	0	0	0	0	0	0	0	0	0	0	0	0	0	0	0.106	0.301511	0.316228	0.27735	0.208514	0.111803	1	0.085126	0	0	0	0	0	0	0	0	0	0	0	0	0	0	0	0.052852	0	0	0	0	0.04103	0	0	0	0	0	0	0.098533	0	0	0	0	0	0	0	0	0	0	0	0	0	0	0	0	0	0	0	0	0	0	0	0	0	0	0	0	0	0	0	0	0	0	0	0	0	0	0	0	0	0	0	0	0	0	0	0	0	0	0	0	0	0	0	0	0	0	0	0	0	0	0	0	0	0	0	0	0	0	0	0	0	0	0	0	0	0	0	0	0	0	0	0	0	0	0	0	0	0	0	0	0	0	0	0.095346	0	0	0	0	0	0	0	0	0	0	0.086066	0	0.095783	0	0	0	0	0	0	0	0	0	0	0	0	0	0	0	0	0	0	0	0	0	0	0	0	0	0	0	0	0	0	0	0	0	0	0	0	0	0	0	0	0	0	0	0	0	0	0	0	0	0	0	0	0	0	0	0	0	0	0	0	0	0	0	0	0	0	0	0	0	0	0	0	0	0	0	0	0	0	0	0	0	0	0	0	0	0	0	0	0	0	0	0	0	0	0	0	0	0	0	0	0	0	0	0	0	0	0	0	0	0	0	0	0	0	0	0	0	0	0	0	0	0	0	0	0	0	0	0	0	0	0	0	0	0	0	0	0	0	0	0	0	0	0	0	0	0	0	0	0	0	0	0	0	0	0	0	0	0	0	0	0	0	0	0	0	0	0	0	0	0	0	0	0	0	0	0	0	0	0	0	0	0	0	0	0	0	0	0	0	0	0	0	0	0	0	0	0	0	0	0	0	0	0	0	0	0	0	0	0	0	0	0	0	0	0	0	0	0	0	0	0	0	0	0	0	0	0	0	0	0	0	0	0	0	0	0	0	0	0	0	0	0	0	0	0	0	0	0	0	0	0	0	0	0	0	0	0	0	0	0	0	0	0	0	0	0	0	0	0	0	0	0	0	0	0	0	0	0	0	0	0	0	0	0	0	0	0	0	0	0	0	0	0	0	0	0	0	0
CSNK1E	0.085126	0.085126	0.049147	0.038069	0.05675	0.078117	0.030096	0.085126	0.085126	0.019529	0.077889	0.024574	0.038069	0.042563	0.216559	0.256664	0.269191	0.236096	0.212999	0.152277	0.085126	1	0.321348	0.275126	0.103852	0.01269	0.048193	0.074304	0	0	0	0	0.032174	0.064349	0.085126	0.038069	0.055888	0.130472	0.078827	0.071057	0.10653	0.122973	0.185116	0.107988	0.134327	0.068945	0.052494	0.080436	0.077232	0.058714	0.075667	0.151935	0.027262	0.03686	0.032032	0.011693	0.111649	0.127042	0.045101	0.030096	0	0.057555	0	0	0.049147	0.020064	0	0.026919	0	0	0	0.041341	0.031083	0.030096	0.030096	0.10971	0	0	0	0	0	0	0	0.016382	0.080257	0	0	0.049147	0.056305	0	0.0355	0.016695	0	0	0.024322	0.032765	0.028778	0	0	0.019035	0	0.014599	0	0	0	0	0	0	0	0	0	0	0	0	0	0	0	0.022751	0.030096	0	0.053838	0	0	0	0.015048	0	0.030578	0	0	0	0	0	0.022751	0	0	0	0.025666	0	0.047422	0.050759	0.026919	0.024574	0.022751	0	0	0.032466	0.021979	0	0	0	0.028375	0	0.017025	0	0.02361	0.024574	0.065938	0.008599	0.024461	0.065899	0.008307	0	0.01269	0	0	0	0.022751	0	0	0	0	0	0.037152	0	0.027989	0	0	0	0	0	0	0	0	0.038069	0	0	0	0	0	0	0	0.018576	0	0	0	0	0	0	0.024574	0.049147	0.049147	0	0.028375	0	0.019035	0	0	0	0	0	0	0	0.030096	0.025666	0	0	0.045145	0.031615	0	0	0	0	0	0.049147	0.02361	0	0	0	0	0	0	0	0.017025	0	0.022751	0.049147	0	0	0	0	0	0	0	0	0	0	0.021979	0.024574	0	0	0	0	0	0	0	0	0	0	0	0	0	0	0	0	0.026919	0	0.016695	0.025666	0	0	0	0.032174	0	0	0	0	0	0	0	0	0	0	0	0	0	0.053838	0.030096	0.060193	0.085126	0.060193	0.042563	0.060193	0.049147	0.034752	0.026919	0.070829	0	0	0	0	0	0	0	0.045867	0.01775	0.098295	0	0.049147	0	0	0	0	0.064349	0	0	0	0	0	0	0	0.020064	0	0	0	0	0	0	0	0	0	0	0.042563	0.085126	0	0.049147	0.060193	0.060193	0	0.049147	0.025666	0.030096	0	0	0	0.038069	0	0	0	0	0	0	0	0.034752	0.032174	0	0	0	0.049147	0	0	0	0	0	0.022751	0	0	0	0.018576	0	0.028375	0	0	0	0	0	0	0.034752	0	0	0	0	0	0	0	0	0	0	0	0	0	0	0	0	0	0	0	0	0	0	0	0	0	0	0	0	0	0	0	0	0	0	0	0	0	0	0	0	0	0	0	0	0	0	0	0	0	0	0	0	0	0	0	0	0	0	0	0	0	0	0	0	0	0	0	0	0	0	0	0	0	0	0	0	0	0	0	0
CSNK2A1	0.044412	0.044412	0.025641	0.019861	0.014804	0.101887	0.031404	0.066617	0.044412	0.061132	0.0745	0.089744	0.019861	0.066617	0.183597	0.080344	0.084265	0.086223	0.074084	0.20358	0	0.321348	1	0.391211	0.169317	0.046343	0.0352	0.106605	0	0	0	0.031404	0.016786	0.016786	0	0.019861	0.113715	0.173695	0.147185	0.148287	0.193567	0.205303	0.229601	0.21701	0.145768	0.153472	0.13085	0.104912	0.120879	0.083144	0.06415	0.1476	0.049781	0.051282	0.045957	0.067104	0.188453	0.22409	0.094119	0.054957	0.044412	0.075069	0.061132	0.022206	0.089744	0.088977	0.066617	0.070221	0	0	0.019861	0.099214	0.064867	0.102062	0.062807	0.126741	0.014804	0	0.025641	0.025641	0.039723	0.031404	0.117502	0.094017	0.078509	0.014044	0.024635	0	0.088126	0.023739	0.027781	0.052259	0.022206	0.022206	0.031723	0.034188	0.082576	0.014804	0.018131	0.049654	0.021904	0.038083	0.025641	0	0	0.066617	0.044412	0.044412	0.019861	0.056177	0.061132	0.031404	0.044412	0.076923	0.059584	0.009931	0.039723	0.059347	0.047106	0.010771	0.056177	0.031404	0.050358	0.025641	0.023553	0.044412	0.079766	0.04865	0.064103	0.04927	0	0	0.071217	0	0	0	0.013391	0	0.032988	0.086066	0.014044	0.025641	0.023739	0.018131	0	0.093158	0.034401	0.018131	0.031404	0	0.029608	0.033572	0.044412	0	0.012318	0.07265	0.072624	0.067294	0.063808	0.103142	0.030339	0.068636	0.013241	0.025378	0.012318	0.012821	0.011869	0.031404	0.047106	0	0	0	0.038766	0.025641	0.036506	0	0	0	0.032988	0	0.037042	0	0.031404	0.019861	0.051282	0.025179	0	0.013391	0	0	0	0	0	0	0	0	0	0	0.012821	0.025641	0.025641	0	0.029608	0.019861	0.059584	0.037874	0.036023	0.013391	0.031404	0.031404	0	0	0.047106	0.040172	0	0.016786	0.054957	0.041235	0	0	0	0.014804	0.039723	0.025641	0.036953	0.025641	0.025641	0.031404	0.031404	0	0.054393	0	0.026647	0.015702	0.047478	0.051282	0.042133	0	0.025641	0	0	0	0	0.025641	0.020936	0.045868	0.034401	0.076923	0.018131	0.016786	0.028088	0.014804	0.031404	0.035608	0.022206	0.025641	0	0.030566	0	0	0	0.031404	0.044412	0	0.028088	0.057335	0.060969	0.026781	0.014044	0.022206	0.012318	0.016786	0	0.012821	0.025641	0	0.039723	0	0	0	0.067144	0	0	0.015702	0	0.042133	0.062807	0	0	0	0.022206	0	0	0.036262	0.028088	0.036953	0.044412	0.011869	0	0	0.022206	0.050358	0.051282	0.02393	0.018521	0.051282	0	0.025641	0.025641	0	0.031404	0.044412	0.08393	0.022206	0	0.025641	0.022206	0.022206	0.062807	0.044412	0.041872	0.031404	0.035608	0	0.019861	0	0	0	0.022206	0	0.015702	0.022206	0.044412	0	0.025641	0	0.047106	0	0	0	0	0.059584	0.044412	0.031404	0.019861	0	0	0	0	0	0.018131	0	0.018131	0.050358	0.018131	0.031404	0	0.025641	0	0	0	0	0.022206	0.047478	0	0	0	0.038766	0	0.029608	0	0	0	0	0.018131	0.013391	0.036262	0.025641	0.031404	0	0.018131	0	0.015702	0.044412	0	0	0.019861	0.022934	0.014804	0	0	0.044412	0	0.044412	0	0	0	0	0	0	0	0	0	0	0.031404	0	0	0.044412	0	0	0	0	0	0	0	0	0	0	0	0.031404	0	0	0.044412	0.044412	0	0	0	0	0	0	0	0	0	0	0	0	0	0	0	0	0	0	0	0	0	0	0	0	0	0	0	0	0	0	0	0	0
